97,161
97,160
97,159
97,158
97,157
97,156
97,155
97,154
97,153
97,152
97,151
97,150
97,149
97,148
97,147
97,146
97,145
97,144
97,143
97,142
97,141
97,140
97,139
97,138
97,137
97,136
97,135
97,134
97,133
97,132
97,131
97,130
97,129
97,128
97,119
97,118
97,117
97,116
97,115
97,114
97,113
97,112
97,111
97,110
97,109
97,108
97,107
97,106
97,105
97,104
18,1
97,103
18,3
97,102
97,101
97,100
97,99
97,98
97,97
97,96
14,7
97,95
14,3
97,94
97,93
13,1
97,92
13,3
97,91
97,90
97,89
97,88
97,87
97,86
97,85
97,84
97,83
97,82
97,81
97,80
97,79
97,78
97,77
97,76
97,75
97,74
97,73
97,72
97,71
97,70
97,69
97,68
97,67
97,66
97,65
97,64
97,35
97,34
97,33
97,32
97,31
97,30
97,29
97,28
97,27
97,26
97,25
97,24
97,23
97,22
97,21
97,20
97,19
97,18
97,17
97,16
97,15
97,14
97,13
97,12
97,11
97,10
97,9
97,8
97,7
97,6
97,5
97,1
97,4
34,255
34,254
34,253
34,252
34,251
34,250
34,249
34,248
34,247
34,246
34,245
34,244
34,243
34,242
34,241
34,240
34,239
34,238
34,237
34,236
34,235
34,234
34,183
34,158
34,1
34,157
2,2
14,24
2,1
14,23
2,3
14,1
14,22
0,574
0,565
0,563
0,560
0,557
